2016-03-19 14:50:20.222 0.00 0.00 0.00 0.00 1.00 0.00
2016-03-19 14:50:20.333 1.00 0.00 0.00 0.00 1.00 0.00
2016-03-19 14:50:20.555 3.00 0.00 0.00 0.00 1.00 0.00
2016-03-19 14:50:21.222 5.00 0.00 0.00 0.00 1.00 0.00
2016-03-19 14:50:22.432 6.00 0.00 0.00 0.00 1.00 0.00
2016-03-19 14:50:23.562 5.50 0.00 0.00 0.00 1.00 0.00
2016-03-19 14:50:23.832 3.00 0.00 0.00 0.00 1.00 0.00
2016-03-19 14:50:24.132 0.30 0.00 0.00 0.00 1.00 0.00
2016-03-19 14:50:24.332 0.10 0.00 0.00 0.00 1.00 0.00
2016-03-19 14:50:25.432 0.20 0.00 0.00 0.00 1.00 0.00
2016-03-19 14:50:26.432 0.15 0.00 0.00 0.00 1.00 0.00
2016-03-19 14:50:27.432 0.00 0.00 0.00 0.00 1.00 0.00
2016-03-19 14:50:28.132 0.00 0.00 0.00 0.00 1.00 0.00
2016-03-19 14:50:29.432 0.15 0.00 0.00 0.00 1.00 0.00
2016-03-19 14:50:30.122 0.60 0.00 0.00 0.00 1.00 0.00
2016-03-19 14:50:31.222 1.10 0.00 0.00 0.00 1.00 0.00
2016-03-19 14:50:32.122 2.60 0.00 0.00 0.00 1.00 0.00
2016-03-19 14:50:32.422 3.30 0.00 0.00 0.00 1.00 0.00
2016-03-19 14:50:33.122 4.20 0.00 0.00 0.00 1.00 0.00
2016-03-19 14:50:33.622 6.60 0.00 0.00 0.00 1.00 0.00
2016-03-19 14:50:34.122 2.20 0.00 0.00 0.00 1.00 0.00
2016-03-19 14:50:35.322 0.60 0.00 0.00 0.00 1.00 0.00
2016-03-19 14:50:36.422 0.30 0.00 0.00 0.00 1.00 0.00
2016-03-19 14:50:37.122 0.10 0.00 0.00 0.00 1.00 0.00
2016-03-19 14:50:38.622 0.00 0.00 0.00 0.00 1.00 0.00
2016-03-19 14:50:38.122 0.20 0.00 0.00 0.00 1.00 0.00
2016-03-19 14:50:39.322 0.20 0.00 0.00 0.00 1.00 0.00